$ANSIBLE_VAULT;1.1;AES256
63653135626130643864643665306431333838366132386635336133303531616638636633663033
6666636563303234623834323130633137666661633166660a346336393737663035346164396434
35313239343533376235323263396165383465623632393838646539656366663762656539626439
6238643261626131330a316562643464663964613861653132663934363966346334303264656132
65386335353535626632323262346136373661623361623261666163333034376665626163616639
35356664626561613734386663336263303031393562383435366631363237373261303830663466
33346666633234366435313233306333333435383339623164663863386135336538393535663438
36346533633037356364626266643235616536636435396663663439653134326661343338663463
39633835313735353539313064346661333963306630383730323233343933623061626334353631
39376236323438613431393761306438303430346632303666383264346663346662333633363666
64386132356563653832663566343562626332366532373730376661653930666235313135666138
61383363396661326237363730333232643762363966366561386230613630353765383833383636
61393636633638393137623431393933656338323833353635326539336239323033633736636439
31393439356635363439613530383535363364666635636135613466326665356231343234633938
35663337333236356363643037386436626130313666646139303935653362383264303638386330
32616361313232613733316161373037333362373766393466616539366466363839633336646436
35623661633262636538316531376437643163333230313538633933663030316265646231333139
38303035343565663230323038333462316635346163303963333333343235306637326666333666
38356463316366376166643537336338396331383434313465336239313337326336353936623936
65386639343533616539626161353037613064343030626662643866303364626466343036353830
32623835333962306165336365393136656361613939356632376565316238646232353166646637
33623630313439393963633838636333353465633234303265633531633463623831336239623535
33656132323462396434393031613134636462663965323964383436363862326536623462663661
34653262343864376230316437643732363633623762313635666335303464613835663265643132
61343164353039656634333930326666396534323864353537313564376630316561633231313034
34616462643335373765623665656163623766303264663862653433306139663933643332386434
30633935653239396566373130386634323435396139356432363563346332636336616235316537
39623662656666643861613762393362393137356139323965356631633632376263666161353432
35326433323961383964363161323763373037626339303033363866613966333665363538316262
66633761656461333661653661363030623736636438393264616263323061373938353935343262
63343236656265393031633561373935363565613038386333383935386366653933323666663738
38656136616530616461373633336438663066306132373262393632363534353662393036623430
66626132326634306634653366336365306566306134386132616136383761383863393164613762
65623861326164653231336532363832313364396137656633313737353635646564323564643937
36313638646661636161636563636335656563313962373238663261646231313066396232326431
37303137636435626162613535313839353539643361626637353766643261363765373862636331
36623031376361323337316536323038663038336663356138636665313763313164613630646236
66366138623638656531333966636130633438353465313937326266353739653330623733336533
37353630653837356131313065666264346434356332336162376533396335363863363631633231
39313964613736366138616438363039653164376637363935326431643432653865316339386135
36323564626334383932383833346464343536386234613863346666366436316639396231346632
66356463383766663661373337656565396562633462376638353638386533343361373531323532
37353332333663323433643130313664386265626438373366373161346436643939663035366663
66353139363962636434626334643663376635356331343631356634643738663630323364636133
38333463653138336433666339613039616662303232303739303865343061616334316432326133
64333539663230613861393164613961343933623532336466373761373366643765363132386338
38663638633865663365636635663065353433343666386337653162656331346336306364373232
39383830616130633036316532383535363262626634633462343538306365376464626134376234
38616539616664313836306462633362616536653635626662343132376463656536646565363235
36306661303034633264663138613761346636656131643536393138653930666361303634646337
37346438323639643439663361396361633535646632353662613366396430323638313438373261
32643835356135653339373834343066313863666664313137396231666431616634386133313366
33396135333330313136356539363237666165336634386363353263353438633262623236616638
62663230663331653237326530303438306638353734343835393338323038373038326665623934
38663032393561646164373762643338623137646139373665333038306138633538633464346232
32383233666462303738393039333637343336333033613237306535396233663638316139386163
37656461633837646433303832373832376336613637343731633131316362323336653966666264
34366131373335646365366165303062383161333434653462663133313436313266383561626561
33363935613765363364336532333761366563623765333566343230353739343937383435393830
65323564653263373761626530623733346535366639343663363562323639313531663339366233
65323237316465633230326635303038303063643566333035613531313931303734383330396466
37356137373237643435663237356666623562643462323137633338646161653865613061333265
35386461643832316261316339656539333632363337636165616132373037353937393230343766
64383261616464346538316234366135343730643362666235623339393163616136646262633835
31643464373563336234653336613830366437303634663663343338363161336230343534646663
39653363636336626361353963653132336566383663356461326261346536623066386361653162
37623463353530666631326261353161656132656335653761303163666163303761643965336331
63343833363230643132356230356538653161656438393162396437363532373364633239663062
37306535393539666230336539306439363136633930373663613664333039613266376435363638
66613866386332666538386631623362613138333639623663373736353362366334316231663762
66323636303939656662623436653035663831643033636665633163656336616639363465343639
30653635313336386330336466646531366333333937316536303564333434336338343763306631
37373035336164323835376230373164346435646665633633653534616139656233306238366236
65623134636531353765666439653865633365643435623139666135356538313031383563366431
64383864663036666431313932386438343166306365383866666261663535313234646537373934
61303434643536653764393437363731653865346237376432333139303338653333663366653063
64326239653364343961646433323638313034666463636539656135353261333533656565336366
62346635396266373333393831336335303636396361396133396464373338373530616134666266
38636536623063653862343665383266356335303836363462323466666362303561663965636530
34306135326162613637343935623561366634616131313961303439373663323161633130323964
35363436623536353735306166633430333831646338666165366232303234376436346634613031
36316266663862333061353065633463636637643738323132356366386638316236316337313630
38323662633664633232656132393830653636326235626339316339323032663439643530386661
34616336313736303132656538306233653231336232643232353334653439363564343933316562
39616166643265656131356131613934633236396661323331663639303464373138393261356630
31353335356430373838633239636533383536633362353330303735383434363963313635393332
62393132653836326538353738616534373965643532656131333264363961303330306539393462
32343064626462616331