$ANSIBLE_VAULT;1.1;AES256
30396637646462353830616336643838653134613763636236393236643834373633666134616538
6262343462363461313564386337333662363139663336390a366439643633386639613435633562
39666162623262366164646332633539313433363063336234663336316433353735356435326635
3663323162623565320a343164356662663166643635613766393735643233326432663065343333
39616263646439653034336566613534663830383332346638346535626561323435386436323334
37396565613832326335326665323063363531386233356233366266313339313361316636623664
36636335636434653839353166623432656233396564633031376662666665363132303534613235
34663939626565353436336532663966653362383830323965633330323937396535396264646530
39336536333631613465336537356365613066623664393731663466613234303732393463306236
65393763353337336261323635396261326665343437643433653862376363313934383738653435
64623963333737323531613434396339646137316334666233653834373032353238386633623832
38393939663565313961356139616239393666326238313663623363633231366130373261343832
34666333363437346437343835383338636634396535346535393136363633636132666662613431
64613639333733653536666430623933646566376165386630633763663161653962616130393237
62626131303934653335643664343365666534633965343362386634386437336439376235326464
39363337356132376238623333393762366363303065666662646132353835626632626634333234
32353236636636303833653830306230343736373234343164376537653664643936393930373436
37373331383634356564646330653862656561623639363462343931643739383033336430616239
64323330366135323463326335303438356266316232393236616139393238346636633435613535
33613964376335363733623835636338333431653239643038313763333635373166326432636465
35383134383833616462623437383139646262343962363666383533626230663364393837333035
36636662623330396131653164643432313932343964653663346236393031363065626665376635
62333837343962313564666139636566353166333565326637623034616633353363343165383230
66353337353966353862353934363165653061666131343239356239373333396434663730313431
3832